<?xml version="1.0"?>
<opencv_storage>
<calibration_Time>"10/15/15 21:59:41"</calibration_Time>
<nrOfFrames>25</nrOfFrames>
<image_Width>448</image_Width>
<image_Height>269</image_Height>
<board_Width>8</board_Width>
<board_Height>6</board_Height>
<square_Size>30.</square_Size>
<FixAspectRatio>1.</FixAspectRatio>
<!-- flags:  +fix_aspectRatio +fix_principal_point +zero_tangent_dist -->
<flagValue>14</flagValue>
<Camera_Matrix type_id="opencv-matrix">
  <rows>3</rows>
  <cols>3</cols>
  <dt>d</dt>
  <data>
    4.0326097163438590e+002 0. 2.2350000000000000e+002 0.
    4.0326097163438590e+002 134. 0. 0. 1.</data></Camera_Matrix>
<Distortion_Coefficients type_id="opencv-matrix">
  <rows>5</rows>
  <cols>1</cols>
  <dt>d</dt>
  <data>
    1.7346685433639006e-001 -7.9445592301554024e-001 0. 0.
    2.1275434004558837e+000</data></Distortion_Coefficients>
<Avg_Reprojection_Error>2.2952587839146751e-001</Avg_Reprojection_Error>
<Per_View_Reprojection_Errors type_id="opencv-matrix">
  <rows>25</rows>
  <cols>1</cols>
  <dt>f</dt>
  <data>
    2.40645796e-001 1.71299413e-001 1.56510100e-001 1.87610447e-001
    3.24848324e-001 4.15888399e-001 2.12269470e-001 3.04737031e-001
    1.39905661e-001 1.75691053e-001 4.38918859e-001 2.36100689e-001
    1.89027831e-001 1.37027800e-001 2.05186367e-001 1.60888240e-001
    3.29549104e-001 2.92932093e-001 8.00549164e-002 1.70840889e-001
    9.27678645e-002 1.15451775e-001 1.30542889e-001 1.31606773e-001
    2.14617848e-001</data></Per_View_Reprojection_Errors>
<!-- a set of 6-tuples (rotation vector + translation vector) for each view -->
<Extrinsic_Parameters type_id="opencv-matrix">
  <rows>25</rows>
  <cols>6</cols>
  <dt>d</dt>
  <data>
    6.5866900054338179e-002 -1.1930265932313683e-001
    -1.0602965452557435e-002 -8.8833249239938084e+001
    -5.4921022208611014e+001 3.9697100797877380e+002
    1.3236059964735541e-003 -1.5386686487103568e-001
    -9.6249443509162959e-003 -8.1352532603368246e+001
    -5.6731751188589392e+001 3.8554474574388109e+002
    -8.0392873374207557e-002 -1.3354538699262297e-001
    -6.9398231559749765e-002 -6.9712320917624993e+001
    -5.2839638308976120e+001 4.0070100064909923e+002
    -8.5120638027954304e-002 -1.0374492053814525e-001
    -1.0559833411035721e-001 -6.4599469536936240e+001
    -7.7179113558125252e+001 4.1600559155350919e+002
    -3.9513982973311060e-002 -3.0012335174643547e-002
    -5.1564931545272072e-002 -6.9161510145459744e+001
    -6.8960991242279164e+001 4.1735838569427233e+002
    6.3647935964771890e-002 -1.8858898668516626e-002
    5.9316761611601425e-002 -7.3659342194758182e+001
    -6.2622787141153339e+001 4.2269666789255916e+002
    1.2295016744620392e-001 9.8813142167003765e-002
    -1.6902473211598140e-002 -1.3329512652033742e+002
    -7.7653883999952768e+001 4.3966588046510731e+002
    -1.3149872618061745e-001 8.4278281838733565e-002
    -9.9794804801023165e-002 -1.1053719440984787e+002
    -8.5713923679861153e+001 4.8019532893442056e+002
    -6.1366467592121672e-002 -1.7760068697343670e-001
    1.4407118938346899e-001 -6.3182562484899343e+001
    -7.2727012299014703e+001 4.0415487960417647e+002
    1.6472326500247914e-001 -1.7857857738329927e-001
    2.5620913425941561e-001 -5.6462402689286563e+001
    -6.8580002781932080e+001 4.0553769436225576e+002
    -1.7774689043636743e-001 -1.1527111205649912e-002
    -1.1327187953461264e-002 -1.0355360179060651e+002
    -9.4509164998171215e+001 4.8738615170932343e+002
    -3.4995302430595554e-001 -2.5825181161639628e-002
    -4.2570590190289949e-002 -9.1943114500114177e+001
    -8.5537151328516316e+001 4.3457470219980462e+002
    -4.0563069507494431e-001 8.4293211176128799e-002
    -7.3525455727089253e-002 -1.2840101787820345e+002
    -6.3450903298672891e+001 4.5308818432296823e+002
    -5.3058288522783492e-002 3.4579341318765316e-001
    -3.6670153183943212e-002 -1.2855669319749325e+002
    -6.9410349035341568e+001 4.4399479607593065e+002
    -1.2770725221969634e-001 -1.9280890718746843e-001
    -7.0079504089957806e-003 -8.6749762023567584e+001
    -7.9825539188694307e+001 3.5237244861035776e+002
    -2.8544899869633106e-001 2.4607702033760406e-001
    3.4677371413967567e-001 -1.0354807096447068e+002
    -1.1706730101270742e+002 5.3217208292219675e+002
    -5.6065750947499460e-001 -1.2377265867905866e-001
    -8.8805765883819901e-002 -1.0290575329817361e+002
    -8.0371501093284081e+001 3.6706238977154334e+002
    1.2356326816882420e-002 1.2613820696632083e-001
    1.5044597500121630e-002 -1.2758350783058744e+002
    -7.3742385328418294e+001 3.8539285337649903e+002
    -2.8167454513304106e-002 2.1299546826015822e-001
    -1.0323399435253866e-001 -8.6241626140304191e+001
    -5.5808751300526147e+001 6.6661391988038622e+002
    2.6548012307737001e-001 3.0322751140818727e-001
    -4.1059128741117423e-001 -9.5064192361924896e+001
    -1.4839116772545795e+000 7.0252153761168108e+002
    -2.5356292525664759e-001 2.9171463307579298e-001
    2.8003435936629323e-001 -7.3463533012728220e+001
    -6.3799541610426637e+001 7.2858241594386163e+002
    -9.3313991162811083e-002 -3.5214397838343606e-003
    5.3888593744778078e-002 -1.4447697715400224e+002
    -7.8564060340788302e+001 6.7368339321511360e+002
    1.7773252786635960e-001 2.5884634015683994e-001
    -1.2896813030105880e-001 -1.1240267874078853e+002
    -1.1333629320509502e+000 6.8756400625606545e+002
    -6.3327599907898699e-002 -4.0615244098028114e-001
    1.6315187557847926e-003 -9.3238739139432028e+001
    -5.1953882246429956e+001 5.4958838462736571e+002
    2.7812714596244592e-001 -1.3764865664423681e-001
    -9.4385556700068995e-004 -1.1000780359933263e+002
    -5.2902430849317675e+001 4.3049093750895872e+002</data></Extrinsic_Parameters>
